ImgW = 640.0
ImgH = 480.0
MinK = 0.241757
MinD = 5.922481
NomK = 0.216539
NomD = 13.754432
MaxK = 0.184256
MaxD = 21.281317
PlNx = 0.000000
PlNy = 0.000000
PlNz = 0.000000
PlDi = 0.000000
