ImgW = 640.0
ImgH = 480.0
MinK = 0.248705
MinD = 2.570273
NomK = 0.226005
NomD = 10.386647
MaxK = 0.200754
MaxD = 16.840861
PlNx = 0.000000
PlNy = 0.000000
PlNz = -505.642242
PlDi = 0.000000
